1750760584106 1.0013917684555054 0
1750760584175 0.9927805662155151 1
1750760584239 0.984135091304779 2
1750760584301 0.975053608417511 3
1750760584363 0.9651685357093811 4
1750760584425 0.954079806804657 5
1750760584486 0.9414839744567871 6
1750760584548 0.9271436333656311 7
1750760584612 0.9109240770339966 8
1750760584674 0.8926346898078918 9
1750760584737 0.8722683191299438 10
1750760584799 0.8500611782073975 11
1750760584861 0.8264663219451904 12
1750760584922 0.802329421043396 13
1750760584991 0.7786080837249756 14
1750760585056 0.7564294934272766 15
1750760585119 0.7366657853126526 16
1750760585180 0.7197921872138977 17
1750760585242 0.7054607272148132 18
1750760585305 0.6922422051429749 19
