1750760776346 0.9996911287307739 0
1750760776414 0.9909490942955017 1
1750760776476 0.9819678068161011 2
1750760776537 0.9720428586006165 3
1750760776600 0.9607830047607422 4
1750760776661 0.9478216767311096 5
1750760776726 0.932837963104248 6
1750760776787 0.915546178817749 7
1750760776849 0.8957871794700623 8
1750760776911 0.8736055493354797 9
1750760776974 0.8491834998130798 10
1750760777037 0.8229430913925171 11
1750760777098 0.7955712080001831 12
1750760777161 0.7681399583816528 13
1750760777224 0.7418443560600281 14
1750760777287 0.7179386019706726 15
1750760777350 0.697400689125061 16
1750760777414 0.6804109215736389 17
1750760777482 0.665407657623291 18
1750760777544 0.6499295830726624 19
