1750760907958 1.0019915103912354 0
1750760908028 0.9957645535469055 1
1750760908092 0.9898488521575928 2
1750760908155 0.9836205244064331 3
1750760908219 0.976612389087677 4
1750760908282 0.9685917496681213 5
1750760908345 0.9591899514198303 6
1750760908407 0.9481093883514404 7
1750760908471 0.9351778030395508 8
1750760908532 0.9201721549034119 9
1750760908596 0.9029935598373413 10
1750760908658 0.8835583329200745 11
1750760908722 0.8619753122329712 12
1750760908785 0.8386032581329346 13
1750760908846 0.8139442801475525 14
1750760908908 0.7886970043182373 15
1750760908972 0.76376873254776 16
1750760909033 0.7401723265647888 17
1750760909100 0.7189822793006897 18
1750760909163 0.7006750702857971 19
