1750761097794 1.0029114484786987 0
1750761097862 0.9962092638015747 1
1750761097926 0.9899609088897705 2
1750761097989 0.9835088849067688 3
1750761098051 0.976570725440979 4
1750761098114 0.9688131809234619 5
1750761098176 0.959968090057373 6
1750761098238 0.9498574733734131 7
1750761098300 0.9382786750793457 8
1750761098368 0.9249818921089172 9
1750761098433 0.9098629951477051 10
1750761098496 0.8928348422050476 11
1750761098558 0.873834490776062 12
1750761098619 0.852936327457428 13
1750761098680 0.8305211067199707 14
1750761098744 0.8072595000267029 15
1750761098806 0.7841054201126099 16
1750761098869 0.7622327208518982 17
1750761098932 0.7425973415374756 18
1750761098993 0.7254477143287659 19
