1750762727035 0.9989014863967896 0
1750762727107 0.9781774282455444 1
1750762727172 0.9626116752624512 2
1750762727238 0.9448263049125671 3
1750762727305 0.9219003915786743 4
1750762727371 0.8936644196510315 5
1750762727437 0.8602843880653381 6
1750762727504 0.820389986038208 7
1750762727570 0.7728765606880188 8
1750762727639 0.7173568606376648 9
1750762727704 0.6546533703804016 10
1750762727769 0.5869157910346985 11
1750762727835 0.5174416303634644 12
1750762727902 0.4502725899219513 13
1750762727969 0.3912324607372284 14
1750762728035 0.3518594801425934 15
1750762728100 0.335696816444397 16
1750762728166 0.32135286927223206 17
1750762728233 0.30243271589279175 18
1750762728300 0.27912637591362 19
