1750761250127 1.0021655559539795 0
1750761250195 0.9949620366096497 1
1750761250258 0.9881299734115601 2
1750761250320 0.9808323979377747 3
1750761250383 0.9725551009178162 4
1750761250447 0.9628584384918213 5
1750761250512 0.9514259099960327 6
1750761250577 0.9379912614822388 7
1750761250640 0.9223614931106567 8
1750761250701 0.9043494462966919 9
1750761250764 0.8838708400726318 10
1750761250826 0.861017107963562 11
1750761250889 0.8361026048660278 12
1750761250951 0.8096978664398193 13
1750761251016 0.7825593948364258 14
1750761251078 0.7556467056274414 15
1750761251140 0.730107843875885 16
1750761251201 0.7070627808570862 17
1750761251264 0.6874139308929443 18
1750761251328 0.6713463068008423 19
